function dBsym = get_ring_gradient_z0_to_6_y3_to_6(x,y,z)
%GET_RING_GRADIENT_Z0_TO_6_Y3_TO_6
%    DBSYM = GET_RING_GRADIENT_Z0_TO_6_Y3_TO_6(X,Y,Z)

%    This function was generated by the Symbolic Math Toolbox version 8.6.
%    15-Jun-2022 15:17:07

t2 = x.^2;
t3 = y.^2;
t4 = z.*2.0;
t5 = z.*8.0;
t6 = z.*1.28e+2;
t7 = z+1.453895439111784e-3;
t8 = z+6.345161895494065e-4;
t9 = z+1.251585868724394e-3;
t10 = z+1.294336270695997e-4;
t11 = t4+2.907790878223567e-3;
t12 = t4+2.503171737448787e-3;
t13 = t5+1.001268694979515e-2;
t14 = t9.^2;
t15 = t5+1.163116351289427e-2;
t16 = t7.^2;
t17 = t4+2.588672541391993e-4;
t18 = t4+1.269032379098813e-3;
t19 = t5+5.076129516395252e-3;
t20 = t8.^2;
t26 = t5+1.035469016556797e-3;
t27 = t10.^2;
t21 = t11.^2;
t22 = t11.^3;
t24 = t11.^5;
t28 = t15.^2;
t29 = t17.^2;
t30 = t17.^3;
t32 = t17.^5;
t34 = t18.^2;
t35 = t18.^3;
t37 = t18.^5;
t39 = t19.^2;
t40 = t12.^2;
t41 = t12.^3;
t43 = t12.^5;
t45 = t13.^2;
t46 = t26.^2;
t47 = t2+t3+t14;
t48 = t2+t3+t16;
t49 = t2+t3+t20;
t50 = t2+t3+t27;
t23 = t21.^2;
t25 = t21.^3;
t31 = t29.^2;
t33 = t29.^3;
t36 = t34.^2;
t38 = t34.^3;
t42 = t40.^2;
t44 = t40.^3;
t51 = 1.0./t48.^(5.0./2.0);
t52 = 1.0./t48.^(7.0./2.0);
t53 = 1.0./t49.^(5.0./2.0);
t54 = 1.0./t49.^(7.0./2.0);
t55 = 1.0./t47.^(5.0./2.0);
t56 = 1.0./t47.^(7.0./2.0);
t57 = 1.0./t48.^(9.0./2.0);
t58 = 1.0./t48.^(1.1e+1./2.0);
t59 = 1.0./t48.^(1.3e+1./2.0);
t61 = 1.0./t50.^(5.0./2.0);
t62 = 1.0./t50.^(7.0./2.0);
t63 = 1.0./t49.^(9.0./2.0);
t64 = 1.0./t49.^(1.1e+1./2.0);
t65 = 1.0./t49.^(1.3e+1./2.0);
t67 = 1.0./t47.^(9.0./2.0);
t68 = 1.0./t47.^(1.1e+1./2.0);
t69 = 1.0./t47.^(1.3e+1./2.0);
t71 = 1.0./t50.^(9.0./2.0);
t72 = 1.0./t50.^(1.1e+1./2.0);
t73 = 1.0./t50.^(1.3e+1./2.0);
t60 = t51.^3;
t66 = t53.^3;
t70 = t55.^3;
t74 = t61.^3;
t75 = t53.*9.055447914934135e-12;
t76 = t55.*9.068215303751523e-12;
t78 = t51.*9.073411072784423e-12;
t80 = t61.*9.064293067346707e-12;
t81 = t56.*x.*3.847908989177676e-10;
t82 = t56.*y.*3.847908989177676e-10;
t84 = t52.*x.*3.856942688979409e-10;
t85 = t52.*y.*3.856942688979409e-10;
t86 = t62.*x.*9.759676421328583e-10;
t87 = t62.*y.*9.759676421328583e-10;
t89 = t52.*3.584811349948509e-12;
t90 = t61.*x.*3.256679381794894e-13;
t91 = t61.*y.*3.256679381794894e-13;
t92 = t54.*x.*y.*4.527723957467068e-11;
t93 = t54.*x.*2.072449031384555e-10;
t94 = t54.*y.*2.072449031384555e-10;
t95 = t56.*x.*y.*4.534107651875761e-11;
t96 = t56.*3.034281246926818e-12;
t97 = t51.*x.*3.136675878546977e-13;
t98 = t51.*y.*3.136675878546977e-13;
t99 = t55.*x.*3.155027011245067e-13;
t100 = t55.*y.*3.155027011245067e-13;
t104 = t52.*x.*y.*4.536705536392212e-11;
t105 = t62.*x.*y.*4.532146533673354e-11;
t106 = t53.*x.*3.210940008277338e-13;
t107 = t53.*y.*3.210940008277338e-13;
t108 = t54.*3.17569380731482e-13;
t109 = t62.*1.747291535955336e-13;
t112 = t67.*x.*y.*2.123996872848773e-11;
t113 = t57.*x.*y.*2.509367944963956e-11;
t115 = t63.*x.*y.*2.222985665120374e-12;
t116 = t71.*x.*y.*1.223104075168735e-12;
t117 = t63.*x.*2.704177450574512e-15;
t118 = t63.*y.*2.704177450574512e-15;
t119 = t67.*x.*1.873706212267982e-14;
t120 = t67.*y.*1.873706212267982e-14;
t121 = t71.*x.*3.176133972947144e-16;
t122 = t71.*y.*3.176133972947144e-16;
t127 = t57.*x.*1.047870717712774e-14;
t128 = t57.*y.*1.047870717712774e-14;
t131 = t12.*t56.*6.41318164862946e-11;
t132 = t13.*t56.*3.20659082431473e-11;
t133 = t11.*t52.*6.428237814965682e-11;
t134 = t17.*t62.*1.626612736888097e-10;
t135 = t11.*t51.*1.568337939273489e-13;
t136 = t12.*t56.*x.*2.267053825937881e-11;
t137 = t13.*t56.*x.*1.13352691296894e-11;
t138 = t12.*t56.*y.*2.267053825937881e-11;
t139 = t13.*t56.*y.*1.13352691296894e-11;
t140 = t15.*t52.*3.214118907482841e-11;
t142 = t11.*t52.*x.*2.268352768196106e-11;
t143 = t11.*t52.*y.*2.268352768196106e-11;
t144 = t17.*t61.*1.628339690897447e-13;
t145 = t18.*t54.*x.*2.263861978733534e-11;
t146 = t19.*t54.*x.*1.131930989366767e-11;
t147 = t18.*t54.*y.*2.263861978733534e-11;
t148 = t19.*t54.*y.*1.131930989366767e-11;
t149 = t18.*t54.*3.454081718974258e-11;
t150 = t19.*t54.*1.727040859487129e-11;
t151 = t40.*t56.*1.13352691296894e-11;
t152 = t18.*t53.*1.605470004138669e-13;
t153 = t26.*t62.*8.133063684440486e-11;
t154 = t34.*t54.*1.131930989366767e-11;
t155 = t17.*t62.*x.*2.266073266836677e-11;
t156 = t17.*t62.*y.*2.266073266836677e-11;
t157 = t12.*t55.*1.577513505622534e-13;
t159 = t11.*t57.*x.*y.*4.499766470475977e-10;
t160 = t11.*t52.*x.*y.*7.841689696367443e-13;
t161 = t21.*t52.*1.134176384098053e-11;
t162 = t15.*t52.*x.*1.134176384098053e-11;
t163 = t15.*t52.*y.*1.134176384098053e-11;
t164 = t29.*t62.*1.133036633418338e-11;
t165 = t26.*t62.*x.*1.133036633418338e-11;
t166 = t26.*t62.*y.*1.133036633418338e-11;
t167 = t22.*t57.*1.124941617618994e-10;
t168 = t41.*t67.*1.122306788510155e-10;
t169 = t21.*t57.*x.*8.999532940951955e-10;
t170 = t21.*t57.*y.*8.999532940951955e-10;
t171 = t21.*t52.*x.*3.920844848183722e-13;
t172 = t21.*t52.*y.*3.920844848183722e-13;
t174 = t15.*t57.*x.*y.*2.249883235237989e-10;
t175 = t17.*t71.*x.*y.*1.138628915821668e-9;
t177 = t40.*t67.*x.*8.978454308081243e-10;
t178 = t40.*t67.*y.*8.978454308081243e-10;
t179 = t17.*t62.*x.*y.*8.141698454487236e-13;
t180 = t21.*t57.*8.364559816546521e-12;
t181 = t12.*t67.*x.*y.*4.489227154040622e-10;
t182 = t13.*t67.*x.*y.*2.244613577020311e-10;
t184 = t12.*t56.*x.*y.*7.887567528112668e-13;
t186 = t11.*t57.*x.*2.09113995413663e-11;
t187 = t11.*t57.*y.*2.09113995413663e-11;
t190 = t29.*t71.*x.*2.277257831643336e-9;
t191 = t29.*t71.*y.*2.277257831643336e-9;
t195 = t40.*t67.*7.079989576162576e-12;
t196 = t35.*t63.*x.*3.961758462783684e-11;
t197 = t35.*t63.*y.*3.961758462783684e-11;
t198 = t18.*t63.*x.*y.*2.417857203281981e-10;
t199 = t19.*t63.*x.*y.*1.20892860164099e-10;
t202 = t18.*t54.*x.*y.*8.027350020693346e-13;
t206 = t30.*t71.*2.84657228955417e-10;
t207 = t40.*t56.*x.*3.943783764056334e-13;
t208 = t40.*t56.*y.*3.943783764056334e-13;
t209 = t34.*t63.*x.*y.*7.923516925567368e-11;
t210 = t35.*t63.*6.044643008204952e-11;
t211 = t22.*t58.*x.*7.528103834891869e-11;
t212 = t22.*t58.*y.*7.528103834891869e-11;
t214 = t12.*t67.*x.*1.769997394040644e-11;
t215 = t13.*t67.*x.*8.84998697020322e-12;
t216 = t12.*t67.*y.*1.769997394040644e-11;
t217 = t13.*t67.*y.*8.84998697020322e-12;
t218 = t22.*t57.*x.*3.969617344343185e-11;
t219 = t22.*t57.*y.*3.969617344343185e-11;
t220 = t42.*t68.*x.*5.050380548295699e-10;
t221 = t42.*t68.*y.*5.050380548295699e-10;
t222 = t23.*t58.*x.*5.062237279285475e-10;
t223 = t23.*t58.*y.*5.062237279285475e-10;
t224 = t15.*t57.*x.*1.045569977068315e-11;
t225 = t15.*t57.*y.*1.045569977068315e-11;
t226 = t40.*t67.*x.*y.*7.934688390782583e-11;
t227 = t26.*t71.*x.*y.*5.69314457910834e-10;
t229 = t34.*t63.*x.*4.835714406563962e-10;
t230 = t34.*t63.*y.*4.835714406563962e-10;
t233 = t34.*t54.*x.*4.013675010346673e-13;
t234 = t34.*t54.*y.*4.013675010346673e-13;
t235 = t29.*t62.*x.*4.070849227243618e-13;
t236 = t29.*t62.*y.*4.070849227243618e-13;
t240 = t22.*t58.*x.*y.*1.012447455857095e-9;
t241 = t41.*t67.*x.*3.967344195391291e-11;
t242 = t41.*t67.*y.*3.967344195391291e-11;
t243 = t41.*t68.*x.*6.371990618546319e-11;
t244 = t41.*t68.*y.*6.371990618546319e-11;
t257 = t30.*t71.*x.*3.965628216964184e-11;
t258 = t30.*t71.*y.*3.965628216964184e-11;
t260 = t36.*t64.*x.*2.720089353692228e-10;
t261 = t36.*t64.*y.*2.720089353692228e-10;
t262 = t18.*t63.*x.*1.852488054266978e-12;
t263 = t19.*t63.*x.*9.262440271334891e-13;
t264 = t18.*t63.*y.*1.852488054266978e-12;
t265 = t19.*t63.*y.*9.262440271334891e-13;
t268 = t34.*t63.*7.409952217067913e-13;
t270 = t21.*t58.*x.*y.*7.528103834891869e-11;
t274 = t21.*t57.*x.*y.*7.93923468868637e-11;
t275 = t41.*t68.*x.*y.*1.01007610965914e-9;
t276 = t23.*t58.*4.705064896807418e-12;
t277 = t29.*t71.*x.*y.*7.931256433928369e-11;
