function B = get_ring_field(x,y,z)
%GET_RING_FIELD
%    B = GET_RING_FIELD(X,Y,Z)

%    This function was generated by the Symbolic Math Toolbox version 8.6.
%    13-Dec-2021 15:46:33

t2 = x.^2;
t3 = y.^2;
t4 = z.*2.0;
t5 = z.*8.0;
t6 = z+3.711399613615177e-3;
t7 = t4+7.422799227230354e-3;
t8 = t5+2.969119690892142e-2;
t9 = t6.^2;
t10 = t7.^2;
t11 = t7.^3;
t13 = t7.^5;
t15 = t8.^2;
t16 = t2+t3+t9;
t12 = t10.^2;
t14 = t10.^3;
t17 = 1.0./t16.^(5.0./2.0);
t18 = 1.0./t16.^(7.0./2.0);
t19 = 1.0./t16.^(9.0./2.0);
t20 = 1.0./t16.^(1.1e+1./2.0);
t21 = 1.0./t16.^(1.3e+1./2.0);
t22 = t17.^3;
B = [t17.*x.*(-7.236652501023087e-16)-t18.*x.*4.587167488811837e-15+t19.*x.*5.314579368063285e-20+t7.*t17.*x.*1.620807499904452e-18-t7.*t18.*x.*3.190770695614691e-13+t7.*t19.*x.*2.681508296774887e-17-t8.*t18.*x.*1.595385347807346e-13+t8.*t19.*x.*1.340754148387444e-17+t10.*t18.*x.*9.045815626278858e-16+t10.*t19.*x.*1.070339080722762e-14-t10.*t20.*x.*2.471279406149427e-19+t11.*t19.*x.*5.583848717325709e-13-t11.*t20.*x.*9.653429868389594e-17-t12.*t20.*x.*6.020657329065536e-15+t12.*t21.*x.*2.849943186123936e-19+t13.*t21.*x.*3.318366517258923e-17-t15.*t20.*x.*1.992967263023732e-21-t14.*t22.*x.*7.124857965309841e-20+t7.*t8.*t19.*x.*1.337923850903452e-15-t7.*t8.*t20.*x.*1.992967263023732e-20-t8.*t10.*t20.*x.*6.033393667743496e-18+t8.*t11.*t21.*x.*1.096131994663052e-20;t17.*y.*(-7.236652501023087e-16)-t18.*y.*4.587167488811837e-15+t19.*y.*5.314579368063285e-20+t7.*t17.*y.*1.620807499904452e-18-t7.*t18.*y.*3.190770695614691e-13+t7.*t19.*y.*2.681508296774887e-17-t8.*t18.*y.*1.595385347807346e-13+t8.*t19.*y.*1.340754148387444e-17+t10.*t18.*y.*9.045815626278858e-16+t10.*t19.*y.*1.070339080722762e-14-t10.*t20.*y.*2.471279406149427e-19+t11.*t19.*y.*5.583848717325709e-13-t11.*t20.*y.*9.653429868389594e-17-t12.*t20.*y.*6.020657329065536e-15+t12.*t21.*y.*2.849943186123936e-19+t13.*t21.*y.*3.318366517258923e-17-t15.*t20.*y.*1.992967263023732e-21-t14.*t22.*y.*7.124857965309841e-20+t7.*t8.*t19.*y.*1.337923850903452e-15-t7.*t8.*t20.*y.*1.992967263023732e-20-t8.*t10.*t20.*y.*6.033393667743496e-18+t8.*t11.*t21.*y.*1.096131994663052e-20;t17.*3.828924834737629e-13-t18.*2.298435682949903e-17-t7.*t17.*3.618326250511543e-16-t7.*t18.*3.822639574009864e-15-t8.*t17.*1.809163125255772e-16+t7.*t19.*4.428816140052737e-20-t8.*t18.*1.911319787004932e-15+t8.*t19.*3.188747620837971e-20+t10.*t17.*8.104037499522259e-19-t10.*t18.*6.381541391229382e-13+t10.*t19.*8.312675720002151e-17+t11.*t18.*4.522907813139429e-16+t11.*t19.*1.070339080722762e-14-t11.*t20.*3.388044347140344e-19+t12.*t19.*2.791924358662855e-13-t12.*t20.*7.843411768066545e-17-t13.*t20.*3.010328664532768e-15+t13.*t21.*2.0826507898598e-19+t15.*t19.*6.703770741937218e-19+t14.*t21.*1.659183258629461e-17+t19.*(z.*1.28e+2+4.750591505427427e-1).*2.214408070026369e-22-t7.^7.*t22.*3.56242898265492e-20-1.0./t16.^(3.0./2.0).*1.080538333269635e-18-t7.*t8.*t18.*7.976926739036728e-14+t7.*t8.*t19.*6.703770741937218e-18+t8.*t10.*t19.*6.689619254517262e-16-t8.*t10.*t20.*1.594373810418985e-20-t8.*t11.*t20.*3.016696833871748e-18+t8.*t12.*t21.*5.480659973315262e-21-t7.*t15.*t20.*9.964836315118659e-22];
