function Bnabla = get_ring_field_gradient(x,y,z)
%GET_RING_FIELD_GRADIENT
%    BNABLA = GET_RING_FIELD_GRADIENT(X,Y,Z)

%    This function was generated by the Symbolic Math Toolbox version 8.6.
%    13-Dec-2021 15:46:34

t2 = x.^2;
t3 = y.^2;
t4 = z.*2.0;
t5 = z.*8.0;
t6 = z.*1.28e+2;
t7 = z+3.711399613615177e-3;
t8 = t4+7.422799227230354e-3;
t9 = t5+2.969119690892142e-2;
t10 = t6+4.750591505427427e-1;
t11 = t7.^2;
t12 = t8.^2;
t13 = t8.^3;
t15 = t8.^5;
t17 = t8.^7;
t18 = t9.^2;
t19 = t2+t3+t11;
t14 = t12.^2;
t16 = t12.^3;
t20 = 1.0./t19.^(5.0./2.0);
t21 = 1.0./t19.^(7.0./2.0);
t22 = 1.0./t19.^(9.0./2.0);
t23 = 1.0./t19.^(1.1e+1./2.0);
t24 = 1.0./t19.^(1.3e+1./2.0);
t26 = 1.0./t19.^(1.7e+1./2.0);
t25 = t20.^3;
t27 = t20.*7.236652501023087e-16;
t28 = t21.*x.*1.914462417368815e-12;
t29 = t21.*y.*1.914462417368815e-12;
t33 = t21.*4.587167488811837e-15;
t34 = t20.*x.*3.241614999808904e-18;
t35 = t20.*y.*3.241614999808904e-18;
t37 = t21.*x.*y.*3.618326250511543e-15;
t38 = t22.*x.*y.*3.211017242168286e-14;
t39 = t22.*x.*1.608904978064932e-16;
t40 = t22.*y.*1.608904978064932e-16;
t41 = t22.*5.314579368063285e-20;
t42 = t23.*x.*y.*4.783121431256956e-19;
t44 = t8.*t21.*3.190770695614691e-13;
t46 = t9.*t21.*1.595385347807346e-13;
t48 = t8.*t20.*1.620807499904452e-18;
t49 = t8.*t21.*x.*1.809163125255772e-15;
t50 = t8.*t21.*y.*1.809163125255772e-15;
t51 = t9.*t21.*x.*9.045815626278858e-16;
t52 = t9.*t21.*y.*9.045815626278858e-16;
t53 = t8.*t22.*x.*y.*2.233539486930284e-12;
t54 = t12.*t21.*9.045815626278858e-16;
t55 = t12.*t22.*x.*4.467078973860568e-12;
t56 = t12.*t22.*y.*4.467078973860568e-12;
t57 = t9.*t22.*x.*y.*1.116769743465142e-12;
t58 = t12.*t22.*1.070339080722762e-14;
t59 = t13.*t22.*5.583848717325709e-13;
t60 = t8.*t21.*x.*y.*8.104037499522259e-18;
t61 = t14.*t23.*x.*2.512731922796569e-12;
t62 = t14.*t23.*y.*2.512731922796569e-12;
t63 = t8.*t22.*x.*2.675847701806905e-14;
t64 = t9.*t22.*x.*1.337923850903452e-14;
t65 = t8.*t22.*y.*2.675847701806905e-14;
t66 = t9.*t22.*y.*1.337923850903452e-14;
t67 = t13.*t23.*x.*9.633051726504857e-14;
t68 = t13.*t23.*y.*9.633051726504857e-14;
t69 = t13.*t23.*x.*y.*5.025463845593138e-12;
t70 = t12.*t21.*x.*4.052018749761129e-18;
t71 = t12.*t21.*y.*4.052018749761129e-18;
t72 = t13.*t22.*x.*3.1660354691976e-15;
t73 = t13.*t22.*y.*3.1660354691976e-15;
t75 = t8.*t22.*2.681508296774887e-17;
t85 = t9.*t22.*1.340754148387444e-17;
t86 = t12.*t23.*x.*y.*9.633051726504857e-14;
t87 = t14.*t23.*6.020657329065536e-15;
t88 = t12.*t22.*x.*y.*6.332070938395201e-15;
t89 = t13.*t23.*9.653429868389594e-17;
t94 = t15.*t24.*x.*3.311361530986045e-14;
t95 = t15.*t24.*y.*3.311361530986045e-14;
t96 = t8.*t23.*x.*y.*2.413357467097399e-16;
t98 = t9.*t23.*x.*y.*1.206678733548699e-16;
t99 = t9.*t23.*x.*2.869872858754174e-19;
t100 = t9.*t23.*y.*2.869872858754174e-19;
t101 = t18.*t23.*x.*6.033393667743496e-18;
t102 = t18.*t23.*y.*6.033393667743496e-18;
t103 = t14.*t24.*x.*y.*6.622723061972089e-14;
t105 = t13.*t24.*x.*y.*1.061877285522855e-15;
t108 = t15.*t24.*3.318366517258923e-17;
t109 = t12.*t23.*x.*7.481408148001935e-16;
t110 = t12.*t23.*y.*7.481408148001935e-16;
t113 = t8.*t23.*x.*3.985934526047463e-19;
t114 = t8.*t23.*y.*3.985934526047463e-19;
t115 = t10.*t23.*x.*1.992967263023732e-21;
t116 = t10.*t23.*y.*1.992967263023732e-21;
t117 = t14.*t24.*x.*8.6277529448732e-16;
t118 = t14.*t24.*y.*8.6277529448732e-16;
t123 = t18.*t23.*1.992967263023732e-21;
t129 = t12.*t23.*2.471279406149427e-19;
t132 = t14.*t24.*2.849943186123936e-19;
t134 = t18.*t24.*x.*y.*2.192263989326105e-20;
t139 = t13.*t24.*x.*3.726848781854378e-18;
t140 = t13.*t24.*y.*3.726848781854378e-18;
t141 = t12.*t24.*x.*y.*2.71840734676437e-18;
t142 = t17.*t26.*x.*5.343643473982381e-19;
t143 = t17.*t26.*y.*5.343643473982381e-19;
t148 = t16.*t26.*x.*y.*1.068728694796476e-18;
t151 = t8.*t9.*t22.*x.*5.583848717325709e-13;
t152 = t8.*t9.*t22.*y.*5.583848717325709e-13;
t153 = t8.*t9.*t22.*1.337923850903452e-15;
t154 = t8.*t9.*t23.*x.*y.*1.204131465813107e-14;
t156 = t9.*t12.*t23.*x.*6.020657329065536e-15;
t157 = t9.*t12.*t23.*y.*6.020657329065536e-15;
t158 = t8.*t9.*t23.*x.*6.033393667743496e-17;
t159 = t8.*t9.*t23.*y.*6.033393667743496e-17;
t162 = t9.*t12.*t23.*6.033393667743496e-18;
t166 = t8.*t9.*t23.*1.992967263023732e-20;
t168 = t9.*t12.*t24.*x.*1.753811191460884e-19;
t169 = t9.*t12.*t24.*y.*1.753811191460884e-19;
t170 = t9.*t12.*t24.*x.*y.*6.636733034517846e-17;
t171 = t9.*t13.*t24.*x.*3.318366517258923e-17;
t172 = t9.*t13.*t24.*y.*3.318366517258923e-17;
t173 = t9.*t13.*t24.*1.096131994663052e-20;
t174 = t8.*t9.*t24.*x.*y.*2.192263989326105e-19;
t175 = t8.*t18.*t24.*x.*1.096131994663052e-20;
t176 = t8.*t18.*t24.*y.*1.096131994663052e-20;
t30 = -t27;
t31 = -t28;
t32 = -t29;
t36 = -t33;
t43 = -t42;
t45 = -t44;
t47 = -t46;
t74 = -t60;
t76 = -t61;
t77 = -t62;
t78 = -t67;
t79 = -t68;
t80 = -t69;
t81 = -t70;
t82 = -t71;
t83 = -t72;
t84 = -t73;
t90 = -t86;
t91 = -t87;
t92 = -t88;
t93 = -t89;
t97 = -t96;
t104 = -t98;
t106 = -t99;
t107 = -t100;
t111 = -t101;
t112 = -t102;
t119 = -t109;
t120 = -t110;
t121 = -t113;
t122 = -t114;
t124 = -t115;
t125 = -t116;
t126 = t16.*t25.*x.*2.1569382362183e-16;
t127 = t16.*t25.*y.*2.1569382362183e-16;
t128 = -t123;
t133 = t15.*t25.*x.*y.*4.3138764724366e-16;
t135 = -t129;
t136 = t16.*t25.*7.124857965309841e-20;
t144 = t14.*t25.*x.*y.*3.704926141961117e-18;
t145 = t15.*t25.*x.*2.70744602681774e-18;
t146 = t15.*t25.*y.*2.70744602681774e-18;
t155 = -t154;
t160 = -t156;
t161 = -t157;
t163 = -t158;
t164 = -t159;
t165 = -t162;
t167 = -t166;
t177 = t9.*t14.*t25.*x.*7.124857965309841e-20;
t178 = t9.*t14.*t25.*y.*7.124857965309841e-20;
t181 = t9.*t13.*t25.*x.*y.*1.424971593061968e-19;
t130 = -t126;
t131 = -t127;
t137 = -t133;
t138 = -t136;
t147 = -t144;
t149 = -t145;
t150 = -t146;
t179 = -t177;
t180 = -t178;
t182 = -t181;
t183 = t37+t38+t43+t53+t57+t74+t80+t90+t92+t97+t103+t104+t105+t134+t137+t141+t147+t148+t155+t170+t174+t182;
t184 = t31+t34+t39+t49+t51+t55+t63+t64+t76+t78+t81+t83+t94+t106+t111+t117+t119+t121+t124+t130+t139+t142+t149+t151+t160+t163+t168+t171+t175+t179;
t185 = t32+t35+t40+t50+t52+t56+t65+t66+t77+t79+t82+t84+t95+t107+t112+t118+t120+t122+t125+t131+t140+t143+t150+t152+t161+t164+t169+t172+t176+t180;
