function Bsym = get_ring_field_z1_to_6_y0_to_6(x,y,z)
%GET_RING_FIELD_Z1_TO_6_Y0_TO_6
%    BSYM = GET_RING_FIELD_Z1_TO_6_Y0_TO_6(X,Y,Z)

%    This function was generated by the Symbolic Math Toolbox version 8.6.
%    15-Jun-2022 15:03:36

t2 = x.^2;
t3 = y.^2;
t4 = z.*2.0;
t5 = z.*8.0;
t6 = z+3.72562165206022;
t7 = z+5.832000490492747;
t14 = z+3.556856739400593e-3;
t15 = z+1.485904847474421e-3;
t8 = t4+1.166400098098549e+1;
t9 = t5+4.665600392394197e+1;
t10 = t7.^2;
t11 = t4+7.45124330412044;
t12 = t5+2.980497321648176e+1;
t13 = t6.^2;
t22 = t4+7.113713478801185e-3;
t23 = t5+2.845485391520474e-2;
t24 = t14.^2;
t25 = t4+2.971809694948842e-3;
t26 = t5+1.188723877979537e-2;
t27 = t15.^2;
t16 = t11.^2;
t17 = t11.^3;
t19 = t8.^2;
t20 = t8.^3;
t28 = t22.^2;
t29 = t22.^3;
t31 = t25.^2;
t32 = t25.^3;
t34 = t2+t3+t13;
t35 = t2+t3+t10;
t36 = t2+t3+t24;
t37 = t2+t3+t27;
t18 = t16.^2;
t21 = t19.^2;
t30 = t28.^2;
t33 = t31.^2;
t38 = 1.0./t34.^(5.0./2.0);
t39 = 1.0./t34.^(7.0./2.0);
t40 = 1.0./t35.^(5.0./2.0);
t41 = 1.0./t35.^(7.0./2.0);
t42 = 1.0./t34.^(9.0./2.0);
t43 = 1.0./t34.^(1.1e+1./2.0);
t44 = 1.0./t35.^(9.0./2.0);
t45 = 1.0./t35.^(1.1e+1./2.0);
t46 = 1.0./t36.^(5.0./2.0);
t47 = 1.0./t36.^(7.0./2.0);
t48 = 1.0./t37.^(5.0./2.0);
t49 = 1.0./t37.^(7.0./2.0);
t50 = 1.0./t36.^(9.0./2.0);
t51 = 1.0./t36.^(1.1e+1./2.0);
t52 = 1.0./t37.^(9.0./2.0);
t53 = 1.0./t37.^(1.1e+1./2.0);
Bsym = [t38.*x.*(-1.152138308563222e-14)+t39.*x.*6.178877118093134e-15-t40.*x.*4.785336579697852e-17+t41.*x.*4.213859671406148e-16+t46.*x.*3.534963396873412e-10-t47.*x.*7.118483831175322e-15-t48.*x.*3.380777349973122e-10+t49.*x.*4.854072467874077e-16+t8.*t40.*x.*4.659936204746214e-17-t8.*t41.*x.*8.198533865903685e-17+t11.*t38.*x.*1.783140920578618e-16-t9.*t41.*x.*4.099266932951843e-17-t11.*t39.*x.*9.342285003148498e-16-t12.*t39.*x.*4.671142501574249e-16+t16.*t39.*x.*1.440172885704027e-14-t16.*t42.*x.*1.441737994221731e-14+t17.*t42.*x.*1.634899875550987e-15+t19.*t41.*x.*5.981670724622315e-17+t18.*t43.*x.*8.109776217497238e-15-t19.*t44.*x.*9.832339233281012e-16+t20.*t44.*x.*1.434743426533145e-16+t21.*t45.*x.*5.530690818720569e-16+t22.*t46.*x.*1.226427523998457e-9+t22.*t47.*x.*9.162946950769887e-13+t23.*t47.*x.*4.581473475384943e-13+t25.*t48.*x.*1.222873258834056e-9+t25.*t49.*x.*5.355431811235462e-13+t26.*t49.*x.*2.677715905617731e-13-t28.*t47.*x.*4.418704246091765e-10+t28.*t50.*x.*1.660979560607575e-14-t29.*t50.*x.*1.60351571638473e-12+t31.*t49.*x.*4.225971687466402e-10-t30.*t51.*x.*9.34301002841761e-15-t31.*t52.*x.*1.132616909170618e-15-t32.*t52.*x.*9.372005669662059e-13+t33.*t53.*x.*6.370970114084726e-16-t8.*t9.*t44.*x.*1.229042404160127e-16-t11.*t12.*t42.*x.*1.802172492777164e-15+t22.*t23.*t50.*x.*2.076224450759469e-15-t25.*t26.*t52.*x.*1.415771136463272e-16;t38.*y.*(-1.152138308563222e-14)+t39.*y.*6.178877118093134e-15-t40.*y.*4.785336579697852e-17+t41.*y.*4.213859671406148e-16+t46.*y.*3.534963396873412e-10-t47.*y.*7.118483831175322e-15-t48.*y.*3.380777349973122e-10+t49.*y.*4.854072467874077e-16+t8.*t40.*y.*4.659936204746214e-17-t8.*t41.*y.*8.198533865903685e-17+t11.*t38.*y.*1.783140920578618e-16-t9.*t41.*y.*4.099266932951843e-17-t11.*t39.*y.*9.342285003148498e-16-t12.*t39.*y.*4.671142501574249e-16+t16.*t39.*y.*1.440172885704027e-14-t16.*t42.*y.*1.441737994221731e-14+t17.*t42.*y.*1.634899875550987e-15+t19.*t41.*y.*5.981670724622315e-17+t18.*t43.*y.*8.109776217497238e-15-t19.*t44.*y.*9.832339233281012e-16+t20.*t44.*y.*1.434743426533145e-16+t21.*t45.*y.*5.530690818720569e-16+t22.*t46.*y.*1.226427523998457e-9+t22.*t47.*y.*9.162946950769887e-13+t23.*t47.*y.*4.581473475384943e-13+t25.*t48.*y.*1.222873258834056e-9+t25.*t49.*y.*5.355431811235462e-13+t26.*t49.*y.*2.677715905617731e-13-t28.*t47.*y.*4.418704246091765e-10+t28.*t50.*y.*1.660979560607575e-14-t29.*t50.*y.*1.60351571638473e-12+t31.*t49.*y.*4.225971687466402e-10-t30.*t51.*y.*9.34301002841761e-15-t31.*t52.*y.*1.132616909170618e-15-t32.*t52.*y.*9.372005669662059e-13+t33.*t53.*y.*6.370970114084726e-16-t8.*t9.*t44.*y.*1.229042404160127e-16-t11.*t12.*t42.*y.*1.802172492777164e-15+t22.*t23.*t50.*y.*2.076224450759469e-15-t25.*t26.*t52.*y.*1.415771136463272e-16;t38.*1.12107420037782e-15+t40.*9.838240639084422e-17-t46.*1.099553634092386e-12-t48.*6.426518173482555e-13-t8.*t40.*2.392668289848926e-17+t8.*t41.*3.51154972617179e-16-t9.*t40.*1.196334144924463e-17-t11.*t38.*5.760691542816108e-15+t9.*t41.*1.755774863085895e-16+t11.*t39.*5.149064265077611e-15-t12.*t38.*2.880345771408054e-15+t12.*t39.*2.574532132538806e-15+t16.*t38.*8.915704602893092e-17-t16.*t39.*1.8684570006297e-15+t17.*t39.*7.200864428520135e-15-t17.*t42.*1.441737994221731e-14+t19.*t40.*2.329968102373107e-17+t18.*t42.*8.174499377754936e-16-t19.*t41.*1.639706773180737e-16+t20.*t41.*2.990835362311158e-17-t20.*t44.*9.832339233281012e-16+t21.*t44.*7.173717132665724e-17+t22.*t46.*1.767481698436706e-10-t22.*t47.*5.932069859312768e-15+t23.*t46.*8.837408492183531e-11-t23.*t47.*2.966034929656384e-15-t25.*t48.*1.690388674986561e-10+t25.*t49.*4.045060389895064e-16-t26.*t48.*8.451943374932804e-11+t28.*t46.*6.132137619992283e-10+t26.*t49.*2.022530194947532e-16+t28.*t47.*1.832589390153977e-12-t29.*t47.*2.209352123045883e-10+t29.*t50.*1.660979560607575e-14+t31.*t48.*6.114366294170278e-10-t30.*t50.*8.017578581923651e-13+t31.*t49.*1.071086362247092e-12+t32.*t49.*2.112985843733201e-10-t32.*t52.*1.132616909170618e-15-t33.*t52.*4.68600283483103e-13+t8.^5.*t45.*2.765345409360285e-16+t11.^5.*t43.*4.054888108748619e-15-t22.^5.*t51.*4.671505014208805e-15+t25.^5.*t53.*3.185485057042363e-16-1.0./t34.^(3.0./2.0).*1.188760613719079e-16-1.0./t35.^(3.0./2.0).*3.106624136497476e-17-1.0./t36.^(3.0./2.0).*8.176183493323044e-10-1.0./t37.^(3.0./2.0).*8.152488392227037e-10-t8.*t9.*t41.*2.049633466475921e-17-t11.*t12.*t39.*2.335571250787125e-16-t12.*t16.*t42.*9.01086246388582e-16-t9.*t19.*t44.*6.145212020800633e-17+t22.*t23.*t47.*2.290736737692472e-13+t25.*t26.*t49.*1.338857952808866e-13+t23.*t28.*t50.*1.038112225379734e-15-t26.*t31.*t52.*7.078855682316362e-17];
