function dBsym = get_ring_gradient_z1_to_6_y0_to_6(x,y,z)
%GET_RING_GRADIENT_Z1_TO_6_Y0_TO_6
%    DBSYM = GET_RING_GRADIENT_Z1_TO_6_Y0_TO_6(X,Y,Z)

%    This function was generated by the Symbolic Math Toolbox version 8.6.
%    15-Jun-2022 15:03:37

t2 = x.^2;
t3 = y.^2;
t4 = z.*2.0;
t5 = z.*8.0;
t6 = z+3.72562165206022;
t7 = z+5.832000490492747;
t14 = z+3.556856739400593e-3;
t15 = z+1.485904847474421e-3;
t8 = t4+1.166400098098549e+1;
t9 = t5+4.665600392394197e+1;
t10 = t7.^2;
t11 = t4+7.45124330412044;
t12 = t5+2.980497321648176e+1;
t13 = t6.^2;
t24 = t4+7.113713478801185e-3;
t25 = t5+2.845485391520474e-2;
t26 = t14.^2;
t27 = t4+2.971809694948842e-3;
t28 = t5+1.188723877979537e-2;
t29 = t15.^2;
t16 = t11.^2;
t17 = t11.^3;
t19 = t11.^5;
t20 = t8.^2;
t21 = t8.^3;
t23 = t8.^5;
t30 = t24.^2;
t31 = t24.^3;
t33 = t24.^5;
t34 = t27.^2;
t35 = t27.^3;
t37 = t27.^5;
t38 = t2+t3+t13;
t39 = t2+t3+t10;
t40 = t2+t3+t26;
t41 = t2+t3+t29;
t18 = t16.^2;
t22 = t20.^2;
t32 = t30.^2;
t36 = t34.^2;
t42 = 1.0./t38.^(5.0./2.0);
t43 = 1.0./t38.^(7.0./2.0);
t44 = 1.0./t39.^(5.0./2.0);
t45 = 1.0./t39.^(7.0./2.0);
t46 = 1.0./t38.^(9.0./2.0);
t47 = 1.0./t38.^(1.1e+1./2.0);
t48 = 1.0./t38.^(1.3e+1./2.0);
t49 = 1.0./t39.^(9.0./2.0);
t50 = 1.0./t39.^(1.1e+1./2.0);
t51 = 1.0./t39.^(1.3e+1./2.0);
t52 = 1.0./t40.^(5.0./2.0);
t53 = 1.0./t40.^(7.0./2.0);
t54 = 1.0./t41.^(5.0./2.0);
t55 = 1.0./t41.^(7.0./2.0);
t56 = 1.0./t40.^(9.0./2.0);
t57 = 1.0./t40.^(1.1e+1./2.0);
t58 = 1.0./t40.^(1.3e+1./2.0);
t59 = 1.0./t41.^(9.0./2.0);
t60 = 1.0./t41.^(1.1e+1./2.0);
t61 = 1.0./t41.^(1.3e+1./2.0);
t62 = t52.*3.534963396873412e-10;
t63 = t52.*x.*2.452855047996913e-9;
t64 = t52.*y.*2.452855047996913e-9;
t65 = t42.*1.152138308563222e-14;
t66 = t54.*x.*2.445746517668111e-9;
t67 = t54.*y.*2.445746517668111e-9;
t68 = t54.*3.380777349973122e-10;
t70 = t53.*x.*y.*1.767481698436706e-9;
t73 = t42.*x.*3.566281841157237e-16;
t74 = t42.*y.*3.566281841157237e-16;
t75 = t43.*x.*y.*5.760691542816108e-14;
t76 = t43.*6.178877118093134e-15;
t77 = t44.*4.785336579697852e-17;
t78 = t45.*4.213859671406148e-16;
t79 = t55.*x.*y.*1.690388674986561e-9;
t81 = t53.*x.*5.497768170461932e-12;
t82 = t53.*y.*5.497768170461932e-12;
t83 = t43.*x.*5.605371001889099e-15;
t84 = t43.*y.*5.605371001889099e-15;
t85 = t44.*x.*9.319872409492428e-17;
t86 = t44.*y.*9.319872409492428e-17;
t87 = t55.*x.*3.213259086741277e-12;
t88 = t55.*y.*3.213259086741277e-12;
t91 = t45.*x.*4.919120319542211e-16;
t92 = t45.*y.*4.919120319542211e-16;
t93 = t45.*x.*y.*2.392668289848926e-16;
t94 = t53.*7.118483831175322e-15;
t95 = t46.*x.*y.*4.325213982665194e-14;
t98 = t49.*x.*y.*2.949701769984304e-15;
t99 = t55.*4.854072467874077e-16;
t103 = t56.*x.*y.*4.982938681822725e-14;
t104 = t59.*x.*y.*3.397850727511854e-15;
t106 = t11.*t42.*1.783140920578618e-16;
t107 = t11.*t43.*x.*2.880345771408054e-14;
t108 = t11.*t43.*y.*2.880345771408054e-14;
t109 = t12.*t43.*x.*1.440172885704027e-14;
t110 = t12.*t43.*y.*1.440172885704027e-14;
t111 = t11.*t43.*9.342285003148498e-16;
t112 = t24.*t52.*1.226427523998457e-9;
t113 = t27.*t54.*1.222873258834056e-9;
t114 = t16.*t43.*1.440172885704027e-14;
t115 = t8.*t44.*4.659936204746214e-17;
t117 = t12.*t43.*4.671142501574249e-16;
t118 = t24.*t53.*x.*8.837408492183531e-10;
t119 = t25.*t53.*x.*4.418704246091765e-10;
t120 = t24.*t53.*y.*8.837408492183531e-10;
t121 = t25.*t53.*y.*4.418704246091765e-10;
t122 = t11.*t43.*x.*y.*8.915704602893092e-16;
t123 = t8.*t45.*8.198533865903685e-17;
t124 = t9.*t45.*4.099266932951843e-17;
t126 = t24.*t53.*x.*y.*6.132137619992283e-9;
t127 = t30.*t53.*4.418704246091765e-10;
t132 = t16.*t43.*y.*4.457852301446546e-16;
t133 = t27.*t55.*x.*8.451943374932804e-10;
t134 = t28.*t55.*x.*4.225971687466402e-10;
t135 = t27.*t55.*y.*8.451943374932804e-10;
t136 = t28.*t55.*y.*4.225971687466402e-10;
t137 = t27.*t55.*x.*y.*6.114366294170278e-9;
t141 = t30.*t53.*x.*3.066068809996141e-9;
t142 = t30.*t53.*y.*3.066068809996141e-9;
t145 = t17.*t46.*x.*5.040605099964094e-14;
t146 = t17.*t46.*y.*5.040605099964094e-14;
t147 = t16.*t43.*x.*4.457852301446546e-16;
t150 = t8.*t45.*x.*1.196334144924463e-16;
t151 = t9.*t45.*x.*5.981670724622315e-17;
t152 = t8.*t45.*y.*1.196334144924463e-16;
t153 = t9.*t45.*y.*5.981670724622315e-17;
t154 = t8.*t45.*x.*y.*2.329968102373107e-16;
t157 = t16.*t46.*x.*y.*1.008121019992819e-13;
t158 = t11.*t46.*x.*y.*6.539599502203949e-15;
t159 = t11.*t46.*x.*3.604344985554328e-14;
t160 = t12.*t46.*x.*1.802172492777164e-14;
t161 = t11.*t46.*y.*3.604344985554328e-14;
t162 = t12.*t46.*y.*1.802172492777164e-14;
t165 = t34.*t55.*4.225971687466402e-10;
t166 = t34.*t55.*x.*3.057183147085139e-9;
t167 = t34.*t55.*y.*3.057183147085139e-9;
t168 = t16.*t46.*1.441737994221731e-14;
t170 = t17.*t46.*1.634899875550987e-15;
t172 = t27.*t55.*5.355431811235462e-13;
t173 = t28.*t55.*2.677715905617731e-13;
t175 = t16.*t46.*x.*1.30791990044079e-14;
t176 = t16.*t46.*y.*1.30791990044079e-14;
t177 = t8.*t49.*x.*2.458084808320253e-15;
t178 = t8.*t49.*y.*2.458084808320253e-15;
t179 = t12.*t46.*x.*y.*3.269799751101974e-15;
t184 = t20.*t49.*9.832339233281012e-16;
t185 = t24.*t53.*9.162946950769887e-13;
t186 = t25.*t53.*4.581473475384943e-13;
t189 = t20.*t45.*5.981670724622315e-17;
t191 = t21.*t49.*1.434743426533145e-16;
t192 = t30.*t56.*x.*y.*3.093092972264236e-9;
t193 = t20.*t45.*x.*1.164984051186554e-16;
t194 = t20.*t45.*y.*1.164984051186554e-16;
t195 = t18.*t47.*8.109776217497238e-15;
t197 = t9.*t49.*x.*1.229042404160127e-15;
t199 = t9.*t49.*y.*1.229042404160127e-15;
t200 = t20.*t49.*x.*1.147794741226516e-15;
t201 = t20.*t49.*y.*1.147794741226516e-15;
t202 = t17.*t47.*x.*1.297564194799558e-13;
t203 = t17.*t47.*y.*1.297564194799558e-13;
t204 = t8.*t49.*x.*y.*5.73897370613258e-16;
t205 = t9.*t49.*x.*y.*2.86948685306629e-16;
t206 = t31.*t56.*x.*1.546546486132118e-9;
t207 = t31.*t56.*y.*1.546546486132118e-9;
t209 = t22.*t50.*5.530690818720569e-16;
t210 = t16.*t47.*x.*y.*1.297564194799558e-13;
t211 = t21.*t49.*x.*2.09358475361781e-16;
t212 = t21.*t49.*y.*2.09358475361781e-16;
t215 = t21.*t50.*x.*8.849105309952911e-15;
t216 = t21.*t50.*y.*8.849105309952911e-15;
t217 = t18.*t47.*x.*7.357049439979442e-15;
t218 = t18.*t47.*y.*7.357049439979442e-15;
t221 = t17.*t47.*x.*y.*1.471409887995888e-14;
t222 = t19.*t48.*x.*4.460376919623481e-14;
t223 = t19.*t48.*y.*4.460376919623481e-14;
t224 = t30.*t56.*x.*1.282812573107784e-11;
t225 = t30.*t56.*y.*1.282812573107784e-11;
t228 = t34.*t59.*x.*y.*2.958180181226481e-9;
t229 = t24.*t56.*x.*y.*6.414062865538921e-12;
t230 = t25.*t56.*x.*y.*3.20703143276946e-12;
t233 = t20.*t49.*x.*y.*4.187169507235621e-16;
t234 = t31.*t56.*1.60351571638473e-12;
t235 = t35.*t59.*x.*1.479090090613241e-9;
t236 = t35.*t59.*y.*1.479090090613241e-9;
t237 = t20.*t50.*x.*y.*8.849105309952911e-15;
t243 = t21.*t50.*x.*y.*1.29126908387983e-15;
t247 = t27.*t59.*x.*y.*3.748802267864824e-12;
t248 = t28.*t59.*x.*y.*1.874401133932412e-12;
t249 = t18.*t48.*x.*y.*8.920753839246962e-14;
t252 = t22.*t50.*x.*6.456345419399152e-16;
t253 = t22.*t50.*y.*6.456345419399152e-16;
t256 = t23.*t51.*x.*3.041879950296313e-15;
t257 = t23.*t51.*y.*3.041879950296313e-15;
t258 = t34.*t59.*x.*7.497604535729647e-12;
t259 = t34.*t59.*y.*7.497604535729647e-12;
t263 = t22.*t51.*x.*y.*6.083759900592626e-15;
t265 = t35.*t59.*9.372005669662059e-13;
t270 = t24.*t56.*x.*4.152448901518938e-14;
t271 = t25.*t56.*x.*2.076224450759469e-14;
t273 = t24.*t56.*y.*4.152448901518938e-14;
t274 = t25.*t56.*y.*2.076224450759469e-14;
t276 = t32.*t57.*x.*7.215820723731286e-12;
t277 = t32.*t57.*y.*7.215820723731286e-12;
t278 = t36.*t60.*x.*4.217402551347927e-12;
t279 = t36.*t60.*y.*4.217402551347927e-12;
t281 = t30.*t56.*1.660979560607575e-14;
t283 = t34.*t59.*1.132616909170618e-15;
t284 = t31.*t57.*x.*y.*1.443164144746257e-11;
